{
 "cells": [
  {
   "cell_type": "code",
   "execution_count": 1,
   "metadata": {},
   "outputs": [],
   "source": [
    "from numpy import random, mat, eye"
   ]
  },
  {
   "cell_type": "markdown",
   "metadata": {},
   "source": [
    "## NumPy 矩阵和数组的区别\n",
    "NumPy存在2中不同的数据类型:\n",
    "    1. 矩阵 matrix\n",
    "    2. 数组 array\n",
    "相似点：\n",
    "    都可以处理行列表示的数字元素\n",
    "不同点：\n",
    "    1. 2个数据类型上执行相同的数据运算可能得到不同的结果。\n",
    "    2. NumPy函数库中的 matrix 与 MATLAB中 matrices 等价。"
   ]
  },
  {
   "cell_type": "code",
   "execution_count": 3,
   "metadata": {},
   "outputs": [
    {
     "data": {
      "text/plain": [
       "array([[0.60783951, 0.341807  , 0.94213915, 0.30175839],\n",
       "       [0.9551138 , 0.60511062, 0.42400829, 0.74550011],\n",
       "       [0.15179366, 0.60048754, 0.27732376, 0.95445017],\n",
       "       [0.62256389, 0.71282479, 0.66786536, 0.21101235]])"
      ]
     },
     "execution_count": 3,
     "metadata": {},
     "output_type": "execute_result"
    }
   ],
   "source": [
    "randArray = random.rand(4,4)\n",
    "randArray"
   ]
  },
  {
   "cell_type": "code",
   "execution_count": 7,
   "metadata": {},
   "outputs": [],
   "source": [
    "randMat = mat(randArray)"
   ]
  },
  {
   "cell_type": "markdown",
   "metadata": {},
   "source": [
    "## 矩阵运算\n",
    ".I 表示对矩阵求逆(可以利用矩阵的初等变换)\n",
    "   意义：逆矩阵是一个判断相似性的工具。逆矩阵A与列向量p相乘后，将得到列向量q，q的第i个分量表示p与A的第i个列向量的相似度。\n",
    "   参考案例链接：\n",
    "   https://www.zhihu.com/question/33258489\n",
    "   http://blog.csdn.net/vernice/article/details/48506027\n",
    ".T 表示对矩阵转置(行列颠倒)\n",
    "    * 等同于: .transpose()\n",
    ".A 返回矩阵基于的数组\n",
    "    参考案例链接：\n",
    "    http://blog.csdn.net/qq403977698/article/details/47254539\n",
    "        "
   ]
  },
  {
   "cell_type": "code",
   "execution_count": 9,
   "metadata": {},
   "outputs": [],
   "source": [
    "invRandMat = randMat.I\n",
    "TraRandMat = randMat.T\n",
    "ArrRandMat = randMat.A"
   ]
  },
  {
   "cell_type": "code",
   "execution_count": 12,
   "metadata": {},
   "outputs": [
    {
     "name": "stdout",
     "output_type": "stream",
     "text": [
      "randArray = [[0.60783951 0.341807   0.94213915 0.30175839]\n",
      " [0.9551138  0.60511062 0.42400829 0.74550011]\n",
      " [0.15179366 0.60048754 0.27732376 0.95445017]\n",
      " [0.62256389 0.71282479 0.66786536 0.21101235]], type: <class 'numpy.ndarray'>\n"
     ]
    }
   ],
   "source": [
    "print(f'randArray = {randArray}, type: {type(randArray)}')"
   ]
  },
  {
   "cell_type": "code",
   "execution_count": 13,
   "metadata": {},
   "outputs": [
    {
     "name": "stdout",
     "output_type": "stream",
     "text": [
      "randMat = [[0.60783951 0.341807   0.94213915 0.30175839]\n",
      " [0.9551138  0.60511062 0.42400829 0.74550011]\n",
      " [0.15179366 0.60048754 0.27732376 0.95445017]\n",
      " [0.62256389 0.71282479 0.66786536 0.21101235]], type: <class 'numpy.matrixlib.defmatrix.matrix'>\n"
     ]
    }
   ],
   "source": [
    "print(f'randMat = {randMat}, type: {type(randMat)}')"
   ]
  },
  {
   "cell_type": "code",
   "execution_count": 15,
   "metadata": {},
   "outputs": [
    {
     "name": "stdout",
     "output_type": "stream",
     "text": [
      "invRandMat = [[-0.14171879  1.51420011 -1.06757557 -0.31810379]\n",
      " [-1.4458262  -0.61436211  0.44024314  2.24682145]\n",
      " [ 1.52030969 -0.88285628  0.2511796  -0.19115076]\n",
      " [ 0.49043379  0.40222932  0.86754933 -1.3074454 ]], type: <class 'numpy.matrixlib.defmatrix.matrix'>\n"
     ]
    }
   ],
   "source": [
    "print(f'invRandMat = {invRandMat}, type: {type(invRandMat)}')"
   ]
  },
  {
   "cell_type": "code",
   "execution_count": 18,
   "metadata": {},
   "outputs": [
    {
     "name": "stdout",
     "output_type": "stream",
     "text": [
      "myEye = [[ 1.00000000e+00 -2.77555756e-17  0.00000000e+00  1.11022302e-16]\n",
      " [ 1.11022302e-16  1.00000000e+00  1.11022302e-16  1.11022302e-16]\n",
      " [ 0.00000000e+00  9.02056208e-17  1.00000000e+00  4.16333634e-17]\n",
      " [ 0.00000000e+00  0.00000000e+00  0.00000000e+00  1.00000000e+00]]\n"
     ]
    }
   ],
   "source": [
    "myEye = randMat * invRandMat\n",
    "print(f'myEye = {myEye}')"
   ]
  },
  {
   "cell_type": "code",
   "execution_count": null,
   "metadata": {},
   "outputs": [],
   "source": []
  }
 ],
 "metadata": {
  "kernelspec": {
   "display_name": "Python 3",
   "language": "python",
   "name": "python3"
  },
  "language_info": {
   "codemirror_mode": {
    "name": "ipython",
    "version": 3
   },
   "file_extension": ".py",
   "mimetype": "text/x-python",
   "name": "python",
   "nbconvert_exporter": "python",
   "pygments_lexer": "ipython3",
   "version": "3.7.2"
  }
 },
 "nbformat": 4,
 "nbformat_minor": 2
}
